0
2
5
27
30
59
60
62
63
95
96
98
112
133
160
164
167
172
176
183
185
190
191
194
195
207
208
209
210
213
212
219
223
228
229
230
234
266
276
281
282
283
307
*
318
324
331
369
370
424
434
489
490
491
506
511
512
513
514
529
530
533
538
541
542
543
580
583
584
585
586
587
591
592
603
662
663
717
718
720
721
722
745
746
747
750
751
752
753
756
779
787
788
807
809
812
814
816
818
828
849
852
853
854
856
860
862
881
882
887
891
894
895
896
901
905
930
931
933
935
937
964
965
970
971
972
973
985
986
989
1000
1103
1107
*
1117
1121
1124
1125
1126
1127
1130
1155
1156
1158
1167
1168
1170
1172
1178
1179
1181
1182
1247
1254
1255
1256
1258
1259
1260
1262
1264
1265
1290
1291
1293
1295
1299
*
1311
1314
1316
1317
1318
1319
1321
1323
1324
1338
1339
1341
1342
1345
1347
1349
1350
1351
1352
1444
1445
1446
1450
1514
1533
1553
1569
1570
1571
1572
1578
1606
1610
1614
1707
1711
1717
1721
1725
1726
1727
1728
1731
1732
1733
1782
1783
1784
1792
*
1799
1803
1808
*
1813
1825
1826
1827
1828
1835
1844
1857
1858
1859
1867
*
1905
1908
1909
1910
1914
1915
1917
1918
1919
1920
1929
1930
1931
1946
1947
1948
*
1957
1991
1992
1994
*
2004
2006
*
2020
2023
2032
2035
2041
2043
2045
2047
2050
2051
2054
2055
2066
2067
2072
2082
2084
2092
2119
*
2123
2124
*
2171
2177
2188
2204
2205
2218
2240
2249
2251
2267
*
2273
2290
2297
*
2332
2338
2341
2342
2357
2358
2360
*
2366
2370
2371
2372
2374
2375
2392
2408
2411
2412
2413
2415
2417
2418
2419
2420
2422
2423
2428
2429
2430
2431
2435
2436
2437
2438
2442
2450
*
2488
2491
2496
2535
2537
*
2550
2551
2584
2587
2590
2592
2599
2603
2607
2608
2610
2611
2616
2619
2621
2623
2624
2625
2626
2637
2641
2643
2648
2661
2668
2669
2670
2671
2673
2674
2675
2676
2770
2701
2738
2740
2743
2744
2749
2750
2759
*
2800
2851
2844
2846
2880
2881
2882
2886
2887
2888
2896
2996
3007
3008
3013
3014
3015
3016
3018
3019
3020
3021
3022
3023
3029
3030
3032
3036
3037
3051
3052
3053
3054
3061
3063
3065
3077
3078
3079
3093
3098
3103
3104
3106
3107
3108
3109
3118
*
3124
3192
3192
3194
3209
*
3213
3215
*
3222
3249
3253
3258
3237
3260
3262
3278
3292
3315
3316
3317
3333
3334
3334
3336
3338
*
3350
3352
3361
3366
3368
3369
3370
3371
3377
3378
3384
*
3389
3469
3470
3471
3474
3475
3476
3540
3542
3543
3545
3546
3547
3548
3549
3563
3567
3568
3569
3570
3572
3577
3580
3581
3584
3602
*
3615
3619
3620
3623
3624
3625
3626

3629
3630
3631
3632
3643
3663
3664
3707
3723
*
3729
3732
3733
3742
3746
3747
3749
3751
3756
3763
3770
3771
3772
3781
3787
3788
3810
3811
3812
3818
3819
3820
3821
3823
*
3827
3829
3836
3852
*
3859
3870
3930
3951
*
3956
3989
*
4002
4005
4006
4007
4008
4038
4820
4649
4650
4656

4009
*
4037
4041
*
4048
4054
4056
4075
4063
4067
4071
4076
4073
4077
4144
4241
*
4255
4261
4262
4263
4264
4282
*
4297
4347
4348
4390
4389
4418
4419
4420
4425
*
4441
4447
4448
4449
4460
4484
4485
4550
4563
4682
4681
4684
4701
4703
4762
4799
4806
4845
4847
4849
4858
*
4867
4871
4881
4902
4903
4904
4905
4906
4907
4912
4913
4915
4960
4981
5013
5041