29
31
38
53
136
157
170
177
178
179
180
181
182
236
350
351
353
392
394
487
488
496
502
535
565
568
596
597
598
602
664
670
681
724
725
780
*
784
822
834
835
857
883
884
892
974
987
1131
1134
1183
1431
1430
1532
1537
1566
1596
1602
1609
1702
1703
1709
1713
1719
1724
1807
1861
1965
1970
*
1976
1993
2005
2025
2031
2044
2049
2059
2068
2037
2040
2048
2065
2075
2076
2085
2086
2097
2100
2162
2163
2164
2165
2166
2167
2168
2174
2175
2178
2179
2180
2181
2182
2183
2184
2185
2186
2187
2190
2191
2206
2207
2208
2239
2243
2244
2247
2248
2252
2254
2274
2288
2292
2414
2490
2594
2635
2632
2639
2677
*
2690
2694
2695
2696
2697
2698
2741
2748
2787
2788
2842
2848
2862
3070
3071
3072
3073
3074
3075
3076
3199
3186
3197
3254
3255
3256
3257
3565
3566
3752
3753
3754
3755
3310
3311
3312
3313
3908
3973
4111
4112
4391
4392
4277
4278
4279
4280
4327
4328
4329
4330
4331
4332
4333
4364
4376
4380
4396
4399
4461
4462
4473
4474
4475
4476
4553
4655
4656
4657
4695
4696
4697
4698
4699
4700
4730
4765
4766
4814
4846
4848
4850
*
4857
4880
4882
4883
4884
4885
4886
4887
4888
4889
4890
4891
4892
4893
4894
4895
4911
4914
4916
4917
4918
4919
4920
4921
4963
4964
4982
4983
4984
5024
5029
5031