1
4
6
7
10
15
16
17
18
19
20
21
22
35
42
44
45
46
51
57
65
71
72
73
74
76
77
78
79
80
81
82
83
84
85
86
89
90
91
92
97
99
*
108
116
*
125
127
147
148
155
156
158
161
162
163
166
168
174
175
197
204
205
216
217
220
231
232
233
264
268
273
274
277
278
279
280
285
287
306
327
329
336
341
345
346
348
349
355
358
367
368
371
*
391
393
395
396
397
400
401
402
403
404
406
425
426
435
436
437
481
482
483
484
494
507
508
509
510
517
524
525
537
544
546
550
551
552
553
554
556
557
558
559
561
574
578
579
581
582
666
667
668
671
672
674
675
676
682
683
684
685
686
687
688
689
690
691
692
693
694
695
696
697
698
703
704
705
706
707
708
709
710
711
712
713
714
715
716
723
726
739
740
741
742
743
744
771
772
773
774
792
*
802
848
850
851
855
864
886
889
904
928
929
936
938
946
950
953
*
958
960
961
962
967
968
975
976
990
*
998
1001
*
1006
1072
1100
1139
1140
1184
*
1235
1257
1263
1298
1312
1320
1325
1327
1337
1343
1344
1346
1390
*
1395
1432
1448
1449
1503
*
1507
1513
1534
1535
1536
1543
*
1552
1580
1581
1582
1589
1590
1595
1599
1603
1607
1613
1704
1705
1710
1716
1720
1786
1791
1860
1866
1923
1959
1964
1987
2036
2081
2096
2107
2113
2125
2132
2133
*
2118
2137
2143
2147
2150
2151
2154
2155
2172
2176
2189
2193
2194
2198
2214
2215
2216
2217
2219
2220
2221
2223
2238
2255
2276
2291
2293
2294
2295
2296
2333
2335
2336
2337
2339
2340
2343
2379
2389
2405
2421
2424
2445
2492
2634
2658
2663
2691
2692
2739
2757
*
2765
2768
2769
2771
*
2786
2809
*
2826
2837
2841
2843
2855
2860
2861
2889
*
2895
3009
3010
3011
3044
3084
3095
3096
3097
3099
3102
3117
3183
3187
3188
3189
3196
3198
3229
*
3233
3236
3235
3261
3309
3314
3353
3324
3355
3356
3381
3382
3383
3460
*
3467
3472
3473
3480
*
3525
3561
3564
3616
3617
3618
3721
3779
3795
3850
3885
3887
3904
3910
3908
3981
3988
4039
4040
4049
4060
4074
4075
4079
4083
*
4089
4091
*
4095
4121
4123
4124
4127
4138
4139
4140
4141
4237
4265
4266
4320
4323
4345
4346
4400
4407
4408
4409
4422
4423
4424
4443
4442
4445
4446
4447
4450
*
4459
4463
4467
4468
4469
4471
4472
4482
4490
4552
4587
*
4598
4603
*
4608
4599
4600
4601
4678
4711
4714
4722
4731
4735
4737
4745
4751
4752
4753
4755
4756
4757
4758
4760
4764
4786
*
4791
4794
4803
4804
4805
4818
4821
4873
4896
*
4904
4908
4909
4924
*
4950
4956
5000
5010
5011
5012
5014
*
5023
5025
5026
5027
5028
5030
5032
*
5040
