28
110
126
188
189
226
227
250
288
289
290
291
292
293
294
295
296
297
298
299
230
231
232
233
234
235
422
423
499
500
555
678
1007
*
1070
1073
*
1099
1118
1119
1340
1353
*
1359
1911
1912
1966
1967
1968
1969
1977
*
1986
1990
2209
2266
2322
*
2329
2344
*
2356
2359
2439
2440
2441
2590
2693
2756
2863
2864
2869
*
2879
2883
2884
2885
2997
3001
3024
*
3028
3038
*
3043
3105
3182
3184
3185
3190
3195
3201
3259
3477
3526
*
2530
3533
3534
3535
3544
3550
*
3562
3597
3598
3599
3600
3782
3929
3978
4275
4398
4477
4478
4479
4481
4483
4614
*
4625
4662
4663
4668
4778
4824
4825
4826
4827
4828
4870
5008
5009
5042