37
54
128
150
187
215
225
237
*
249
251
*
258
260
262
263
267
269
270
271
322
325
326
337
338
339
340
361
362
405
407
410
411
503
504
505
588
589
590
754
755
789
790
791
803
804
805
839
*
847
863
*
879
888
890
898
907
908
963
977
*
981
984
1135
1136
1243
1275
*
1280
1282
1283
1284
1285
1286
1289
1429
1451
*
1456
1464
*
1469
1554
*
1565
1567
1568
1579
1584
1587
1588
1615
*
1670
1680
*
1701
1736
*
1781
1788
1789
1790
1819
*
1824
1838
*
1843
1851
1852
1853
1854
1862
1927
1932
*
1945
1958
1988
2222
2275
2277
2278
2279
2287
2367
2368
2369
2373
2498
2499
2500
2501
2502
2588
2801
*
2808
2856
2857
2858
2859
2897
*
2994
3017
3200
3224
3242
3243
3244
3246
3247
3248
3263
*
3268
3293
*
3308
3318
*
3332
3362
3363
3372
3373
3390
*
3452
3478
3479
3578
3579
3582
3583
3585
*
3591
3563
3734
3735
3739
3740
3741
3757
3758
3759
3773
*
3778
3780
3784
3785
3786
3789
3790
3791
3792
3793
3794
3796
*
3809
3837
*
3849
3860
*
3865
3871
*
3882
3921
*
3928
4055
4082
4128
4129
4130
4132
*
4137
4142
4321
4322
4324
4541
4541
4543
4545
4546
4549
4554
4555
4556
4557
4560
4561
4562
4602
4652
4653
4654
4664
4665
4667
4679
4685
4686
4687
4688
4704
*
4709
4716
4733
4734
4739
4741
4742
4744
4746
4747
4748
4749
4768
*
4776
4779
4780
4781
4782
4784
4822
4874
4955
4957
4965
4966
4967
4968
4969
4970
4971
4972
4973
4974
4975
4976
4977
4985
4990
4994
*
4999
5004
5007