3
11
12
13
14
26
33
52
56
61
87
129
130
131
132
134
135
137
138
139
140
141
142
143
144
145
146
173
192
193
214
221
222
321
328
330
360
364
365
366
409
412
*
421
438
*
469
471
*
479
485
497
540
577
594
595
606
*
618
699
700
701
702
764
765
775
824
825
826
830
833
834
837
838
861
880
909
910
940
*
945
947
999
1101
1102
1104
1105
1106
1122
1123
1137
1142
*
1149
1151
1152
1153
1154
1166
1169
1175
1176
1177
1236
1246
*
1241
1248
1253
1267
*
1272
1292
1294
1296
1297
1322
1328
1378
*
1383
1396
*
1418
1457
*
1463
1470
1471
1472
1473
1509
1510
1511
1512
1528
1529
1530
1531
1593
1594
1804
1808
1806
1865
1867
1922
2026
2029
2030
2042
2058
2063
2069
2070
2079
2080
2089
2090
2094
2095
2101
2102
2110
2173
2195
2197
2199
*
2203
2384
2394
2410
2416
2432
2433
2600
2606
2659
2660
2662
2672
2702
*
2737
2766
2767
2789
*
2794
2834
2835
2836
2838
2839
2840
2847
2868
3064
3066
3067
3087
3082
3083
3085
3086
3087
3088
3089
3100
3101
3110
3125
*
3188
3203
*
3208
3226
3227
3228
3234
3238
3271
3277
3337
3364
3365
3374
3375
3376
3380
3536
3537
3538
3539
3573
3574
3575
3576
3564
3601
3621
3622
3627
3628
3633
*
3642
3644
*
3662
3708
*
3720
3722
3813
3814
3815
3816
3817
3869
3884
3886
3888
3889
3890
*
3903
3905
3906
3907
3909
3911
3912
3915
3917
3918
3920
3982
*
3987
3999
4003
4004
4050
4051
4052
4053
4122
4145
*
4236
4238
4239
4240
4256
4257
4260
4276
4318
4342
4355
4356
4357
4358
4360
4397
4415
4416
4417
4466
4486
*
4540
4554
4609
4641
*
4647
4712
4713
4736
4761
4807
4819
4877
4878
4879
4922
4962
4992