8
9
24
25
32
34
36
39
40
41
47
48
51
55
93
94
113
114
171
186
196
218
224
265
284
332
333
334
335
342
343
352
354
356
357
359
363
398
427
428
429
430
431
432
433
480
486
498
516
523
545
562
564
569
570
572
573
576
604
605
619
620
621
622
623
624
625
626
627
628
629
630
631
632
633
635
636
637
638
639
640
641
642
643
644
645
646
647
648
649
650
651
652
653
654
655
656
657
658
659
660
661
673
677
680
727
*
738
806
813
819
829
831
832
858
911
*
927
952
966
969
988
994
1071
1120
1129
1138
1141
1150
1157
1159
1160
1161
1171
1173
1174
1180
1245
1333
1334
1360
*
1375
1384
*
1389
1419
*
1428
1433
*
1443
1447
1474
*
1502
1538
*
1542
1573
*
1577
1600
1601
1608
1706
1708
1712
1714
1715
1718
1722
1723
1729
1730
1800
1801
1802
1814
*
1818
1829
1831
1832
1833
1834
1836
1837
1846
*
1850
1855
1856
1913
1924
1925
1926
1928
1960
1961
1962
1963
1989
2024
2027
2028
2033
2034
2038
2039
2046
2045
2052
2056
2057
2060
2061
2062
2064
2071
2073
2074
2077
2078
2083
2087
2088
2091
2093
2098
2099
2103
2196
2210
2211
2212
2213
2224
*
2237
2241
2242
2245
2246
2250
2253
2256
2257
2258
2259
2260
2261
2262
2263
2264
2265
2289
2334
2376
2377
2378
2380
2381
2382
2383
2385
2386
2387
2388
2390
2391
2393
2395
2396
2397
2398
2399
2400
2401
2402
2403
2404
2406
2407
2409
2443
2444
2446
2447
2448
2449
2489
2497
2503
*
2534
2509
2536
2552
*
2566
2589
2593
2595
2596
2597
2598
2601
2602
2604
2605
2627
2629
2630
2633
2636
2638
2640
2642
2644
2645
2646
2647
2651
2652
2653
2654
2655
2657
2664
2665
2666
2667
2699
2700
2742
2745
2746
2747
2827
*
2833
2845
2849
2850
2852
2854
2865
2866
2867
2995
3045
*
3050
3055
*
3059
3069
3094
3202
3239
3240
3270
3351
3357
3358
3359
3360
3595
3596
3851
3866
3867
3868
3914
3916
3919
3931
*
3950
3957
*
3977
3979
4064
4065
4066
4080
4081
4096
*
4110
4114
*
4119
4125
4126
4267
4268
4281
4319
4298
*
4316
4341
4365
4372
4383
*
4438
4405
4406
4421
4444
4547
4548
4564
*
4586
4626
*
4639
4658
4659
4660
4667
4673
4689
*
4694
4710
4717
*
4729
4783
4815
4816
4991
4958
5002
5003
5506